2893213
2880559
2946780
2519889
3095159
3079274
2973463
2596350
2920449
2710384
2732223
2628004
3001320
2928237
2871209
2615411
2750339
2813715
2925998
2658562
2794691
2766477
2767567
3005949
3051945
2639270
2768257
2627637
2925504
3072797
2884677
2673391
2488467
2779762
2921997
2728783
2921454
2940276
2617633
2928961
3055273
2731260
2759589
2663034
2863979
2777024
2799446
2482684
2738490
2802860
3177923
2804866
3279888
3049723
3286256
2676547
2505976
2691165
2655464
2838325
2944433
2542834
2753431
2882788
2518167
2615796
3105924
3100425
3034342
2650682
2623462
2925142
2897418
2805767
2921831
2870521
2641568
3041116
2930202
2828720
2705663
2809839
2942462
2846841
2694158
3047818
2745174
2932103
2859657
2722571
2685023
2899558
2772256
2982906
3235322
2543495
2556276
3004327
2561233
2687227
2942494
2805271
3006879
2737097
2978780
2707234
2882905
2505746
2901645
3036427
2984912
2862249
2667266
2722340
2585214
2663510
2632744
2790342
2652364
3082294
2932776
2613829
2897131
2711476
2956981
2977947
2888858
2896757
2797274
3053691
2970636
2936254
2797177
2339565
2958598
2907165
3018651
2509116
2772000
3011262
3059725
2909717
2852789
3047456
2875568
2917811
2411118
2740083
3062771
2703595
