29987528
30600428
30582999
29719421
30271127
29555896
30933927
30818032
29425091
29682674
29796725
30760938
30480018
29217290
28751511
29537143
30304202
30209013
30141045
30737535
29581490
30147189
29849482
29589073
29349018
30994446
30609014
29882944
29307034
29409051
29824944
30220322
29426253
30180421
29042330
30453308
30882569
29577636
30642340
29209679
29674340
29589144
29962836
30923183
30106766
30103268
30857419
31096374
29727738
30772431
30152263
30079536
31362819
29079489
29556873
30457244
30219186
30192253
30412282
30332771
30728083
30273418
30323781
31321304
30838353
30011338
29975889
30399930
30562563
30081220
29849631
29738921
30857486
30415448
29957965
30148446
30485631
29468962
29794990
29328617
30582720
30248925
29944078
30144152
30260947
29798608
29840022
31092582
30486562
30268571
28826907
30116813
30492146
28824454
30057254
29574619
29218858
29660603
29297136
29506159
29821507
29514767
30461836
30024542
29884452
29856829
29842830
29782792
30660691
30698998
29814884
30219207
29543170
30185958
30137063
29067180
30007918
30446758
30638393
30529249
29931307
29492585
30713191
29337031
29365936
29676727
29272114
29568842
29893120
29889582
30407200
30276753
29534993
29771516
30593936
30129216
30912700
29810692
30280672
29561392
30274907
30144103
31238733
29716578
30252088
30072345
30565590
30001036
30132540
29567341
29132816
29746067
29564469
29741799
29734336
30111903
28816992
30646945
29739292
30554301
30400241
30346196
30294278
30587453
30826729
29984932
29968376
30273918
29724757
30462042
30080353
29292486
30756936
30860613
30040187
29391915
30221763
29727256
29852410
29023092
30983599
29993963
30569852
30231653
29604168
29874811
29593765
28726584
29399739
30170503
29482672
29213900
29528175
30607041
30247766
30304369
29499835
29802707
30305120
29370722
29917794
29935459
30079121
30514363
30067138
29764998
29406616
30002066
30516798
30595339
29897847
29738463
30506371
30519055
30194214
29800251
29870092
30729493
29818891
31126315
29929794
30462306
30710699
30740661
29509198
29804106
29906423
29710860
30063033
30671585
29427247
30591112
29035969
30190240
29650584
30059399
30025522
30641618
31650511
30315330
29636922
29926381
29082166
29941187
30077712
29538021
29424047
29597971
28719613
30252990
30419501
29087000
30280360
30706751
29802857
30199782
29521294
29694908
29802811
30818872
30544635
29358440
29770678
30193769
30860653
30623240
29368459
30258758
30280509
29830028
30468262
31091589
29795297
30838428
29508410
30122516
29365092
29519672
29448592
30042552
30216348
29943832
29345232
29415922
30561653
29468895
29672682
29226871
29830537
30499456
29610184
29921253
29403024
30020022
29800274
29491728
31284061
28990507
29070201
30517188
29832578
29663608
29567492
30345366
29461897
29348784
30198615
31023050
30180623
28967280
29634634
28868198
30038594
28864451
30280474
30411997
29658591
30401299
30284497
29993038
30129600
30451557
29328531
31075474
30434080
30457259
30207403
28828703
30962592
29810921
29565240
29723547
31308026
30252134
30458373
30476495
30064488
29018412
30540240
29987929
29536390
29547851
29723158
30105572
28876409
29262650
28965474
29318530
29428328
30430848
30648913
28893100
30500439
29403496
30555202
30377856
29373379
30244325
30845549
30815273
28456363
29384485
29832422
29772551
30537246
29493761
29824079
30189572
29466051
30992091
30023402
30016696
31013444
31230374
29663621
29146667
30428195
30638722
30062234
29400060
29633102
30755709
31402836
30188932
31053459
30255519
29664525
29649383
29196651
30620332
29490958
29818158
29996233
28997114
30623075
29860969
29729954
30090678
31286743
30689467
29064462
30934881
29358792
29312228
30908773
29665663
30212553
30212581
29638300
29680761
29462274
30281118
30544039
30295266
30089189
30549286
29893854
30552331
29845045
30258612
30206212
29211390
31468240
30439743
30286182
30119760
29584695
29101385
30777496
30549144
29929540
30294616
30460154
30241018
29539772
29760428
29858570
30081000
30729596
30673527
30798464
30536843
29142086
29187079
30363907
29653596
30262139
29854896
30200515
29019843
29429056
30202379
30109877
29606234
30394119
30312702
29933755
30272127
29680539
28969797
30584242
30188195
29775724
29422892
29623418
30414600
30234083
30859258
31058964
29650116
30718384
29987927
30242357
29874038
30746768
29213068
29891945
30018041
29801079
29840709
29936136
30660692
29855334
30488423
30728998
29152726
29118323
29868329
30007246
29690051
29444922
30632816
30218093
30335381
29917195
31014356
30173579
29314965
30397147
29848149
30379959
30395368
29429337
30247820
30240766
29754064
28939426
29726709
28835506
29835667
29916041
29898928
29582345
29844286
30510317
29065992
29058782
30832993
29598315
30133221
30453119
29162420
29148338
30531905
28904089
30671835
29587233
31016792
30311826
30012768
30187137
29119574
29685636
28429923
28898766
30095364
29926541
29952762
29348787
30625949
30182217
30633902
29606958
30852591
29929736
30824592
29345523
30325118
30880415
30867679
30365278
30717566
30466362
30568809
29280934
29806858
30520818
29986238
30500679
30343602
30371857
30716713
31755790
30346029
30362673
29669231
30019608
30064309
29930939
30344628
28988044
29922945
29765422
30231882
29448935
29259748
30064880
30471912
29193799
30117606
29216767
30455877
28565714
30478176
30640094
30197580
30225370
30302673
29495061
29942464
30472961
30721549
29906964
29364901
30574584
29484574
29192638
30046673
30803819
29259363
30274844
30011836
30203335
30410222
30382519
30462298
30046775
30446659
29458395
29450364
29379474
30170261
30356365
29432407
30611756
30333142
29742448
28889701
28948141
29321278
29428360
29885458
29995098
28775060
29356679
30588534
30548344
30231646
29860039
30147026
29458507
30094290
29029304
29843477
30255914
28615046
30227581
29592503
30873310
30636242
29984522
29444254
30100599
30160103
29554697
30182056
29774721
29812982
30181663
29081140
30216078
30129767
29414536
29496288
30598083
28926200
29907719
30171229
30685744
30191602
29398769
30964799
30293022
29999876
28720983
30796148
29763464
29930371
30874273
30027101
30228282
29529774
29451977
29891758
30975196
30399360
30384067
30648298
30610921
29235009
29651653
29779624
30155692
30541193
30115941
29809624
29411624
31085389
29510356
30845627
29149822
29634821
29903370
31805182
30118384
29878863
29719116
30289108
28546441
30070763
30997114
30214167
31194735
30591751
30213598
30040875
30016291
29662972
29460697
29938757
30055951
30321832
29748391
30777496
30518042
28808793
30298043
30395047
30511010
29481985
30011655
29826496
30434952
29712536
30203326
29234765
29511662
29010079
30282125
30926545
30756326
29677457
30308791
29014580
29868177
30804372
29573368
29095923
30038642
30177852
29320822
30388807
29558117
29733049
29901232
29653876
30190589
30051641
30299733
30828011
29619427
31148138
29771441
29188256
29668506
29449681
30210786
31151381
29789931
30282035
28720170
29055571
30347716
29994141
30780632
28772525
30570469
29755950
29879357
30839578
30573958
29986377
31115413
30206070
30081133
29915006
30579721
30969750
30192075
30666943
30603243
30309972
29551707
30200610
29554811
28961457
30445123
29428863
29129650
29496119
29770321
29297528
30035516
29912959
30384745
30030498
29947971
29562589
30555205
30595421
31148820
29403582
29999711
31054174
30176705
29125662
29739534
30403924
31267589
28784833
30479079
29822269
29997736
29589067
29118195
29267892
29120215
30258572
30136706
30128072
30998731
29650875
30114722
30102943
29222340
30081684
30424823
30387401
29652765
29179370
29607287
30141644
30378121
29695584
29862348
30341573
29480294
31301776
29215079
29095611
29754247
29838693
30022585
28724538
31056151
30393187
29239320
29999099
30058050
30098226
30414631
29236750
29944459
29629983
30753928
30734488
30489744
30600833
30586000
30069550
29630624
29917076
29700656
30660335
29699123
30867904
30048366
29286408
29624654
29821154
30710713
29439374
29088665
29950359
30012405
28558054
31320732
30131882
29941762
30095808
30207161
29755379
30142646
29374962
30559444
30456854
30389243
30440619
28908679
30827966
29449115
30076614
30475462
30609345
30434108
30652615
30586205
29801435
30425879
29438013
30024526
29061112
29714968
30320607
30153572
29219478
30823685
30378326
30374056
29624904
30692479
29984618
30734079
29226959
29301853
29917287
30538961
30356053
29930541
29739955
29829083
30150418
29501846
30418425
29332616
29564333
30229478
29531217
29375089
30819440
29504198
29980101
30539073
29146754
29559417
29513245
29556862
30859382
30096764
29876362
29164279
29935603
31047461
30378126
30587194
29990272
30167244
30122370
30271152
29956672
29660859
29203558
30332136
29775706
30194318
29099619
31140958
29528524
29736906
29652240
28973673
29346314
29638041
29937608
30632252
30408654
29738866
30982712
30061691
30034265
28552051
30774385
29348818
30712183
29167556
29339610
29901813
30101893
29708380
29184156
29296527
29519403
29703913
30117067
29909156
30472160
28762708
30009263
29649898
30298776
29299717
29474373
28752958
30143665
30615594
30090141
29206712
29538405
30512749
30492151
29913907
30475303
30250800
29453948
29816692
30282170
31135211
29733451
29720124
29765897
30538849
30698168
30531580
29886889
30475309
28407172
29512377
29830661
29560582
29426450
29570539
30567505
30087322
29914805
30455180
29674258
29375481
30065667
30239611
29589496
28565412
30466525
30053537
29077552
29548612
31630872
29767132
31184620
29496470
29855288
30447966
30524115
29424305
30172466
29957826
30630074
29208481
30154086
30063920
29058865
30398807
30288243
30111272
30184650
30118394
30439402
29704799
30158541
30859465
31082038
29530538
28895592
29880474
30298066
30729880
29576255
29528413
30222035
28687421
30499693
29201870
29896612
30548099
30240105
30778756
30364657
29884969
30702025
29903826
29557790
29987642
29826597
30410422
29302962
30393019
29294568
28647877
28965186
29935933
28759008
30028535
28848278
30800288
29720575
29130707
29983812
29231285
30775868
30361429
29318314
30257695
29577647
30540611
29334641
30433753
29954693
29969552
29313825
31120905
31195420
29850698
29940821
29759688
29600076
29495869
30482616
29602342
30073241
29459525
28799648
31174367
29242575
30464265
30578226
30337800
30894074
30188840
30828673
30687551
29414568
30768055
29781487
30608405
30094738
29775342
30377407
30145625
30125281
31011941
30087239
30107845
29935957
30007538
29108176
30454717
30665376
29575635
30263034
30451623
30450201
31005073
29420014
29993782
29528796
29001160
29967956
30303069
29589526
28817922
30810657
29297053
29720931
30961007
29421547
30426779
29828982
30893058
29357788
30233884
29991621
30565983
29601046
28800065
29649130
30236211
29905916
30362106
29465822
29485926
30586735
30183321
29254738
30356068
30292163
31013787
31061490
30420220
30480337
30800400
29526894
29996469
29830433
28869669
30473669
31098271
29852510
30804493
30380753
28181912
29500174
29833608
29140949
29725319
30188833
29757640
29210357
30363162
29694359
30284449
29273710
29130541
29274240
29934370
29836847
31298604
30480557
29662528
29906937
30869061
29688755
30434020
30008228
30380570
29952235
30303752
30667592
29161057
29816725
29953352
29505929
27919851
30520250
31161448
29310366
29694976
30867274
30050512
29470593
29721207
30106527
31110996
29803330
30214689
29914536
30393651
29581462
29914391
29950264
29777284
29559655
29372708
29988060
29647195
28951499
29640559
29447542
30334897
29298218
30429920
30013260
31088375
29912642
29873589
29491344
30248631
30028086
30383982
30277403
31510074
28524263
30758483
29513183
30207953
30595313
30635835
29058749
29842409
29948658
30885319
30308812
30880391
30648888
29995274
30356719
30112068
29985564
29016032
30870014
30189783
30204023
29471705
30464639
30104219
30708005
30224560
30338441
29969250
29837245
30248550
30638517
29460117
30180810
29786222
29940236
30025924
29457931
29693372
29673139
30206827
29207704
28861598
31013515
29431030
29467632
29862084
30895158
30227347
29138281
30114640
29889706
29140895
30095655
30026715
30143571
29733476
29699969
29565945
29655991
30001092
30104471
29693724
29890637
29864188
30789671
29074791
30344688
29638398
29861297
30423476
29469010
29557429
29458853
31562817
30188704
29115060
30640896
31383727
29823990
29493761
29268595
29992862
28792509
30196330
31117801
30448221
29076379
29226811
29837780
29713175
28797849
30602602
29436146
29559930
30984663
29524654
30339871
30560672
29034489
30752926
30036971
29667913
28758950
29829329
30324264
29812335
29232907
29579233
29597824
29862369
29630641
30440491
29965836
30312171
30107917
30903903
29895605
29839516
28329559
30098241
29452202
30900595
30194769
30990748
30168476
30502464
30258111
29961035
30455530
30306959
30499229
29434092
29697873
29455126
29605372
29014268
30940785
30325413
31177680
29324554
29787621
29247234
30613603
30340316
30966521
31333147
30382627
29166820
30588966
30017452
29104609
30261395
29910041
30781895
30278131
30400877
30929057
29517264
29981400
30036401
30089776
29974146
30062646
29819415
30380975
30263594
30076097
28863651
29919411
30132991
30666029
29480838
29866120
29335835
30993432
30080634
30897598
30340551
29201407
29630009
29458646
30184484
30460552
29063837
29608315
29364396
29435799
30287649
30647190
30309910
29624543
29821048
30619480
28679414
30146869
29443503
30354823
30698260
29894118
29278633
29849610
29667311
29463771
29749476
30982445
28923380
31282296
28819254
30304814
30176867
30066064
29943505
28761371
29455948
29295299
30478092
29070972
29769327
29583708
30401829
29876411
30259946
32007406
29518514
29957495
31109571
30398423
30251662
30349423
28928996
29769002
